5.000000000000000278e-02 4.295098410128058153e-01 4.104548786368094060e-01 1.249999407716844679e+01 4.499999999999999556e-01 -2.354999999999999871e-01 7.247349717156299675e+01 0.000000000000000000e+00 0.000000000000000000e+00 0.000000000000000000e+00 0.000000000000000000e+00 0.000000000000000000e+00 1.687550544738769531e-02
1.000000000000000056e-01 4.477410563738763449e-01 6.241563539910784802e-04 1.250000085696194674e+01 8.999999999999999112e-01 -4.709999999999999742e-01 7.247349717156299675e+01 0.000000000000000000e+00 0.000000000000000000e+00 0.000000000000000000e+00 0.000000000000000000e+00 0.000000000000000000e+00 1.026725769042968750e-02
1.500000000000000222e-01 4.477410051123805190e-01 6.241563539910784802e-04 1.249999970916197256e+01 1.349999999999999867e+00 -6.988207303237949919e-01 7.247349717156299675e+01 0.000000000000000000e+00 0.000000000000000000e+00 0.000000000000000000e+00 0.000000000000000000e+00 0.000000000000000000e+00 1.288652420043945312e-02
2.000000000000000111e-01 4.477410187024165600e-01 6.241563539910784802e-04 1.250000001345757461e+01 1.799999999999999822e+00 -6.988207235807574191e-01 7.247349717156299675e+01 0.000000000000000000e+00 0.000000000000000000e+00 0.000000000000000000e+00 0.000000000000000000e+00 0.000000000000000000e+00 1.266026496887207031e-02
2.500000000000000000e-01 4.477410160904926051e-01 6.241563539910784802e-04 1.249999995497371685e+01 2.250000000000000000e+00 -6.988207229867910986e-01 7.247344119725427447e+01 0.000000000000000000e+00 0.000000000000000000e+00 0.000000000000000000e+00 0.000000000000000000e+00 0.000000000000000000e+00 1.460599899291992188e-02
2.999999999999999889e-01 4.477410160705324049e-01 6.241563539910784802e-04 1.249999995452678014e+01 2.700000000000000178e+00 -6.988207229856633340e-01 7.247344119725427447e+01 0.000000000000000000e+00 0.000000000000000000e+00 0.000000000000000000e+00 0.000000000000000000e+00 0.000000000000000000e+00 1.459240913391113281e-02
3.499999999999999778e-01 4.477410178475787483e-01 6.241563539910784802e-04 1.249999999431679321e+01 3.000000000000000000e+00 -6.988207232486342013e-01 7.247344119725427447e+01 0.000000000000000000e+00 0.000000000000000000e+00 0.000000000000000000e+00 0.000000000000000000e+00 0.000000000000000000e+00 1.449060440063476562e-02
3.999999999999999667e-01 4.477410169082217672e-01 6.241563539910784802e-04 1.249999997328362156e+01 3.000000000000000000e+00 -6.988207252305996819e-01 7.247344119725427447e+01 0.000000000000000000e+00 0.000000000000000000e+00 0.000000000000000000e+00 0.000000000000000000e+00 0.000000000000000000e+00 1.085734367370605469e-02
4.499999999999999556e-01 4.477410214916029418e-01 6.241563539910784802e-04 1.250000007591046725e+01 3.000000000000000000e+00 -6.988207241351960253e-01 7.247344119725427447e+01 0.000000000000000000e+00 0.000000000000000000e+00 0.000000000000000000e+00 0.000000000000000000e+00 0.000000000000000000e+00 1.178598403930664062e-02
4.999999999999999445e-01 4.477410167297345422e-01 6.241563539910784802e-04 1.249999996928710289e+01 3.000000000000000000e+00 -6.988207272870663456e-01 7.247344119725427447e+01 0.000000000000000000e+00 0.000000000000000000e+00 0.000000000000000000e+00 0.000000000000000000e+00 0.000000000000000000e+00 1.294088363647460938e-02
5.499999999999999334e-01 4.474938685128190818e-01 6.249890532344199671e-04 1.249444442344739237e+01 3.000000000000000000e+00 -6.989006799095482947e-01 7.236975210354617616e+01 0.000000000000000000e+00 0.000000000000000000e+00 0.000000000000000000e+00 0.000000000000000000e+00 0.000000000000000000e+00 9.878873825073242188e-03
5.999999999999999778e-01 4.130580597795054376e-01 3.063263315428567911e-03 1.169813235643453275e+01 2.642983337054124693e+00 -4.634006799095483076e-01 7.182901128972500260e+01 0.000000000000000000e+00 0.000000000000000000e+00 0.000000000000000000e+00 0.000000000000000000e+00 0.000000000000000000e+00 3.432536125183105469e-02
6.500000000000000222e-01 3.856849446565414063e-01 8.102633107617000091e-03 1.100629685150143366e+01 2.192983337054124515e+00 -2.279006799095483482e-01 7.110504258795627663e+01 0.000000000000000000e+00 0.000000000000000000e+00 0.000000000000000000e+00 0.000000000000000000e+00 0.000000000000000000e+00 2.743268013000488281e-02
7.000000000000000666e-01 3.677903018172170024e-01 1.361493872128644034e-02 1.049143614786343548e+01 1.949172916142655643e+00 -1.704468954655540269e-01 7.041552248249190882e+01 0.000000000000000000e+00 0.000000000000000000e+00 0.000000000000000000e+00 0.000000000000000000e+00 0.000000000000000000e+00 2.755713462829589844e-02
7.500000000000001110e-01 3.523450321734690194e-01 1.629568585979201262e-02 1.007414465246311330e+01 1.782144300241901735e+00 6.505310453444596019e-02 6.987620692024196956e+01 0.000000000000000000e+00 0.000000000000000000e+00 0.000000000000000000e+00 0.000000000000000000e+00 0.000000000000000000e+00 2.919793128967285156e-02
8.000000000000001554e-01 3.434914818620798393e-01 1.870185277223460757e-02 9.783491804066155595e+00 1.929692574726790344e+00 3.005531045344458918e-01 6.952393851541017966e+01 0.000000000000000000e+00 0.000000000000000000e+00 0.000000000000000000e+00 0.000000000000000000e+00 0.000000000000000000e+00 3.422093391418457031e-02
8.500000000000001998e-01 3.356811948606338025e-01 1.893162124129003920e-02 9.549529268074536503e+00 1.479692574726790166e+00 1.363271484277880363e-01 6.933315466082834178e+01 0.000000000000000000e+00 0.000000000000000000e+00 0.000000000000000000e+00 0.000000000000000000e+00 0.000000000000000000e+00 3.648352622985839844e-02
9.000000000000002442e-01 3.279892683752084759e-01 1.749723530817245964e-02 9.349659297521498047e+00 1.699754019472568878e+00 2.274410254670118092e-01 6.923265315291168065e+01 0.000000000000000000e+00 0.000000000000000000e+00 0.000000000000000000e+00 0.000000000000000000e+00 0.000000000000000000e+00 3.646683692932128906e-02
9.500000000000002887e-01 3.204975233848357252e-01 1.474586600646561607e-02 9.186382507759647709e+00 2.149754019472569055e+00 1.819117072427016701e-01 6.917541121070296128e+01 0.000000000000000000e+00 0.000000000000000000e+00 0.000000000000000000e+00 0.000000000000000000e+00 0.000000000000000000e+00 2.546119689941406250e-02
1.000000000000000222e+00 3.113268668644081916e-01 1.126383467000145397e-02 8.996583281210169147e+00 2.417790236761744538e+00 2.896538776620045334e-03 6.913279307224419767e+01 0.000000000000000000e+00 0.000000000000000000e+00 0.000000000000000000e+00 0.000000000000000000e+00 0.000000000000000000e+00 3.244781494140625000e-02
1.050000000000000266e+00 3.018314331112156856e-01 8.840305782613234326e-03 8.777476139018647316e+00 1.967790236761744582e+00 -7.652733661722105341e-02 6.902695611268951836e+01 0.000000000000000000e+00 0.000000000000000000e+00 0.000000000000000000e+00 0.000000000000000000e+00 0.000000000000000000e+00 2.963066101074218750e-02
1.100000000000000311e+00 2.934334103054291321e-01 7.744661369392360356e-03 8.583705004865123556e+00 1.517790236761744627e+00 -3.402946492707942250e-02 6.870779636721856320e+01 0.000000000000000000e+00 0.000000000000000000e+00 0.000000000000000000e+00 0.000000000000000000e+00 0.000000000000000000e+00 3.163504600524902344e-02
1.150000000000000355e+00 2.884294950218987963e-01 9.547136608439553418e-03 8.378753485264088141e+00 1.967790236761744582e+00 -1.875284159513807350e-02 6.822684568801818727e+01 0.000000000000000000e+00 0.000000000000000000e+00 0.000000000000000000e+00 0.000000000000000000e+00 0.000000000000000000e+00 3.386092185974121094e-02
1.200000000000000400e+00 2.836305931098442867e-01 1.092209453311178760e-02 8.178622826317329952e+00 1.517790236761744627e+00 -6.830502859941151028e-02 6.771458841238131754e+01 0.000000000000000000e+00 0.000000000000000000e+00 0.000000000000000000e+00 0.000000000000000000e+00 0.000000000000000000e+00 2.731561660766601562e-02
1.250000000000000444e+00 2.803107471701145603e-01 1.253316976580657466e-02 8.006212800443339717e+00 1.758053859742366498e+00 3.050138886659996620e-02 6.724754559352493288e+01 0.000000000000000000e+00 0.000000000000000000e+00 0.000000000000000000e+00 0.000000000000000000e+00 0.000000000000000000e+00 3.713011741638183594e-02
1.300000000000000488e+00 2.773315959321916435e-01 1.352076045255504871e-02 7.857096852417776667e+00 1.506340613289101071e+00 9.912432988741336215e-02 6.685784218421987646e+01 0.000000000000000000e+00 0.000000000000000000e+00 0.000000000000000000e+00 0.000000000000000000e+00 0.000000000000000000e+00 2.626061439514160156e-02
1.350000000000000533e+00 2.731670910624177662e-01 1.269628397998182057e-02 7.733080951344049936e+00 1.505091201638733001e+00 2.922831725191360128e-02 6.657052907321605062e+01 0.000000000000000000e+00 0.000000000000000000e+00 0.000000000000000000e+00 0.000000000000000000e+00 0.000000000000000000e+00 3.815579414367675781e-02
1.400000000000000577e+00 2.656862447930241622e-01 9.997757473615767609e-03 7.600356222567439701e+00 1.783488296345323132e+00 6.755805320475036235e-02 6.626577105800443235e+01 0.000000000000000000e+00 0.000000000000000000e+00 0.000000000000000000e+00 0.000000000000000000e+00 0.000000000000000000e+00 2.215504646301269531e-02
1.450000000000000622e+00 2.609345055183229789e-01 8.753189995456281403e-03 7.476121676592380361e+00 1.665004997106913187e+00 3.332733006920876595e-02 6.588663574210029594e+01 0.000000000000000000e+00 0.000000000000000000e+00 0.000000000000000000e+00 0.000000000000000000e+00 0.000000000000000000e+00 2.394390106201171875e-02
1.500000000000000666e+00 2.567626923541510564e-01 7.758829909025681190e-03 7.362887234859440078e+00 1.772963713594575719e+00 -2.021726699307912212e-01 6.537950939536362682e+01 0.000000000000000000e+00 0.000000000000000000e+00 0.000000000000000000e+00 0.000000000000000000e+00 0.000000000000000000e+00 3.208327293395996094e-02
1.550000000000000711e+00 2.585715579557408828e-01 7.651654308071308835e-03 7.429646660659337876e+00 2.222963713594575896e+00 2.226216989633118815e-02 6.456941103257716463e+01 0.000000000000000000e+00 0.000000000000000000e+00 0.000000000000000000e+00 0.000000000000000000e+00 0.000000000000000000e+00 3.087282180786132812e-02
1.600000000000000755e+00 2.597917640427106489e-01 8.370086078164135426e-03 7.438629141575601622e+00 2.139635802673598874e+00 -5.432325781784092325e-03 6.351902472860985682e+01 0.000000000000000000e+00 0.000000000000000000e+00 0.000000000000000000e+00 0.000000000000000000e+00 0.000000000000000000e+00 3.012108802795410156e-02
1.650000000000000799e+00 2.590740464452119807e-01 8.604684229673373666e-03 7.396079778608063648e+00 1.946789641831301765e+00 -1.167348658280778495e-02 6.228907971132737487e+01 0.000000000000000000e+00 0.000000000000000000e+00 0.000000000000000000e+00 0.000000000000000000e+00 0.000000000000000000e+00 3.845810890197753906e-02
1.700000000000000844e+00 2.578639581331322872e-01 9.243653733983996090e-03 7.315754275888279423e+00 1.802899552478957279e+00 2.441389710797595147e-02 6.089729931385168982e+01 0.000000000000000000e+00 0.000000000000000000e+00 0.000000000000000000e+00 0.000000000000000000e+00 0.000000000000000000e+00 3.410434722900390625e-02
1.750000000000000888e+00 2.554996539545249523e-01 9.266120246351133155e-03 7.216672306206151077e+00 1.692948316013219046e+00 3.091224814432335516e-02 5.937367893348101688e+01 0.000000000000000000e+00 0.000000000000000000e+00 0.000000000000000000e+00 0.000000000000000000e+00 0.000000000000000000e+00 3.050827980041503906e-02
1.800000000000000933e+00 5.742881575750804490e-01 1.044860810555485117e-02 7.109079231615777594e+00 1.799177106665715398e+00 -1.392897428593550119e-03 5.775649272487264341e+01 0.000000000000000000e+00 0.000000000000000000e+00 0.000000000000000000e+00 0.000000000000000000e+00 0.000000000000000000e+00 2.911615371704101562e-02
1.850000000000000977e+00 5.691646360875031174e-01 1.003055835090944058e-02 6.997133288694656450e+00 2.249177106665715353e+00 -6.523220091755865813e-02 5.601966503682710652e+01 0.000000000000000000e+00 0.000000000000000000e+00 0.000000000000000000e+00 0.000000000000000000e+00 0.000000000000000000e+00 3.048467636108398438e-02
1.900000000000001021e+00 5.644561741897405893e-01 1.125853309864149193e-02 6.876023447286070400e+00 2.256731385976953330e+00 -1.417583336714643982e-01 5.419082052328887755e+01 0.000000000000000000e+00 0.000000000000000000e+00 0.000000000000000000e+00 0.000000000000000000e+00 0.000000000000000000e+00 2.906751632690429688e-02
1.950000000000001066e+00 5.605290312491658655e-01 1.471158871963805861e-02 6.741167327479692162e+00 1.959763034458655184e+00 9.374166632853558889e-02 5.229070048574450169e+01 0.000000000000000000e+00 0.000000000000000000e+00 0.000000000000000000e+00 0.000000000000000000e+00 0.000000000000000000e+00 2.473998069763183594e-02
2.000000000000000888e+00 5.549156277768900747e-01 1.888057435112847765e-02 6.552138869868355364e+00 1.509763034458655007e+00 1.323157234211757016e-01 5.045476466391736636e+01 0.000000000000000000e+00 0.000000000000000000e+00 0.000000000000000000e+00 0.000000000000000000e+00 0.000000000000000000e+00 3.214859962463378906e-02
2.050000000000000711e+00 5.444252768769295425e-01 1.633678885493096769e-02 6.373672447129008489e+00 1.169681964255809170e+00 1.154043414367827702e-01 5.806145530173505875e+01 0.000000000000000000e+00 0.000000000000000000e+00 8.893256405583008473e+01 0.000000000000000000e+00 0.000000000000000000e+00 4.071712493896484375e-02
2.100000000000000533e+00 5.394268712338992078e-01 1.320360154476332357e-02 6.296756497790840790e+00 1.310139068793050088e+00 1.024576228193953553e-01 5.719925218272952350e+01 0.000000000000000000e+00 0.000000000000000000e+00 0.000000000000000000e+00 0.000000000000000000e+00 0.000000000000000000e+00 2.560162544250488281e-02
2.150000000000000355e+00 5.338030266101493337e-01 8.750225266190013104e-03 6.224552698011423857e+00 1.655413721177034114e+00 5.752612212212846951e-03 5.650246420830816874e+01 0.000000000000000000e+00 0.000000000000000000e+00 0.000000000000000000e+00 0.000000000000000000e+00 0.000000000000000000e+00 3.120708465576171875e-02
2.200000000000000178e+00 5.286937917858784974e-01 5.730313189944143647e-03 6.148099891881530610e+00 2.105413721177034070e+00 -9.938736229738071026e-02 5.592104143187223286e+01 0.000000000000000000e+00 0.000000000000000000e+00 0.000000000000000000e+00 0.000000000000000000e+00 0.000000000000000000e+00 4.178762435913085938e-02
2.250000000000000000e+00 5.260459142237254859e-01 5.665053443085289568e-03 6.088600404285607226e+00 1.655413721177034114e+00 -2.573149193435721183e-02 5.536937853139933452e+01 0.000000000000000000e+00 0.000000000000000000e+00 0.000000000000000000e+00 0.000000000000000000e+00 0.000000000000000000e+00 2.738118171691894531e-02
2.299999999999999822e+00 5.226726376629227122e-01 7.646597515334054712e-03 5.986169732735427296e+00 1.812624263387029977e+00 -2.258948664828203112e-03 4.622028694521373637e+01 0.000000000000000000e+00 0.000000000000000000e+00 0.000000000000000000e+00 0.000000000000000000e+00 0.000000000000000000e+00 2.525973320007324219e-02
2.349999999999999645e+00 5.163091082331200399e-01 6.726035648152136996e-03 5.880580722071966804e+00 2.262624263387030155e+00 -1.538790571431839505e-01 4.626928008411899640e+01 0.000000000000000000e+00 0.000000000000000000e+00 0.000000000000000000e+00 0.000000000000000000e+00 0.000000000000000000e+00 3.070855140686035156e-02
2.399999999999999467e+00 5.126189137597888523e-01 8.578405618663242915e-03 5.770592262657646465e+00 1.969557456009900731e+00 2.615811835081203671e-02 4.630275589129943370e+01 0.000000000000000000e+00 0.000000000000000000e+00 0.000000000000000000e+00 0.000000000000000000e+00 0.000000000000000000e+00 2.349972724914550781e-02
2.449999999999999289e+00 5.078146256511869572e-01 1.030666727180227019e-02 5.633348919189407056e+00 2.136744989399982142e+00 7.561156449489012110e-02 4.629873090460264251e+01 0.000000000000000000e+00 0.000000000000000000e+00 0.000000000000000000e+00 0.000000000000000000e+00 0.000000000000000000e+00 3.812146186828613281e-02
2.499999999999999112e+00 5.017137193371156156e-01 9.659477779076108828e-03 5.501472963173895891e+00 1.686744989399982186e+00 -4.535533497081983834e-02 4.630539287672423399e+01 0.000000000000000000e+00 0.000000000000000000e+00 0.000000000000000000e+00 0.000000000000000000e+00 0.000000000000000000e+00 3.530001640319824219e-02
2.549999999999998934e+00 4.948437378144258658e-01 8.744354465564341608e-03 5.356189221062766848e+00 1.363676056709419715e+00 3.801116257266984322e-02 4.626144673080446523e+01 0.000000000000000000e+00 0.000000000000000000e+00 0.000000000000000000e+00 0.000000000000000000e+00 0.000000000000000000e+00 3.387045860290527344e-02
2.599999999999998757e+00 4.870150830012862087e-01 6.736748859658683516e-03 5.232844184178068403e+00 1.432500309109486558e+00 -4.263018876723276979e-02 4.614851664646240437e+01 0.000000000000000000e+00 0.000000000000000000e+00 0.000000000000000000e+00 0.000000000000000000e+00 0.000000000000000000e+00 2.919721603393554688e-02
2.649999999999998579e+00 4.828492400096707771e-01 6.740435151731236432e-03 5.136086088638160518e+00 1.337066978087806834e+00 -5.583594986528530452e-02 4.594750249619443849e+01 0.000000000000000000e+00 0.000000000000000000e+00 0.000000000000000000e+00 0.000000000000000000e+00 0.000000000000000000e+00 3.458547592163085938e-02
2.699999999999998401e+00 4.810697956724427349e-01 8.877021383913665312e-03 5.058090737467861864e+00 1.340524011219578204e+00 -3.122052126031963672e-03 4.562387539473618148e+01 0.000000000000000000e+00 0.000000000000000000e+00 0.000000000000000000e+00 0.000000000000000000e+00 0.000000000000000000e+00 3.882956504821777344e-02
2.749999999999998224e+00 4.794701040991473651e-01 1.063264312938683002e-02 4.986597422695134618e+00 1.486219214276422118e+00 9.820271077763884082e-03 4.520649678996171872e+01 0.000000000000000000e+00 0.000000000000000000e+00 0.000000000000000000e+00 0.000000000000000000e+00 0.000000000000000000e+00 3.660726547241210938e-02
2.799999999999998046e+00 4.778123381134171122e-01 1.163788076702814561e-02 4.925152856964399639e+00 1.470350083869775171e+00 1.531928101799390381e-02 4.472397076735923349e+01 0.000000000000000000e+00 0.000000000000000000e+00 0.000000000000000000e+00 0.000000000000000000e+00 0.000000000000000000e+00 3.269100189208984375e-02
2.849999999999997868e+00 4.728627045046849831e-01 9.781142278221664071e-03 4.863357892975118446e+00 1.920350083869775126e+00 4.594884458190916232e-02 4.417666329161173877e+01 0.000000000000000000e+00 0.000000000000000000e+00 0.000000000000000000e+00 0.000000000000000000e+00 0.000000000000000000e+00 3.468465805053710938e-02
2.899999999999997691e+00 4.696739663949317523e-01 8.939597771772112011e-03 4.800645328130412892e+00 1.986028183815579329e+00 3.130971720088986110e-02 4.359341110255849117e+01 0.000000000000000000e+00 0.000000000000000000e+00 0.000000000000000000e+00 0.000000000000000000e+00 0.000000000000000000e+00 3.504300117492675781e-02
2.949999999999997513e+00 4.647691767692839759e-01 7.284597160803071673e-03 4.713215705062105521e+00 2.188865791471299449e+00 -3.517761591752534278e-02 4.298597976038074364e+01 0.000000000000000000e+00 0.000000000000000000e+00 0.000000000000000000e+00 0.000000000000000000e+00 0.000000000000000000e+00 2.894663810729980469e-02
2.999999999999997335e+00 4.600974025768453379e-01 7.172698207558488546e-03 4.605351532627630640e+00 1.767540916090338587e+00 1.170659635520986293e-02 4.235259393073314271e+01 0.000000000000000000e+00 0.000000000000000000e+00 0.000000000000000000e+00 0.000000000000000000e+00 0.000000000000000000e+00 3.007745742797851562e-02
3.049999999999997158e+00 4.549287277876405966e-01 7.298852409908322333e-03 4.480800441915075538e+00 1.317540916090338632e+00 -5.800966013167861007e-02 4.172018786549951130e+01 0.000000000000000000e+00 0.000000000000000000e+00 0.000000000000000000e+00 0.000000000000000000e+00 0.000000000000000000e+00 4.115748405456542969e-02
3.099999999999996980e+00 4.492666593773371742e-01 6.953336721954046958e-03 4.377377109114453546e+00 1.350055885081783869e+00 -7.229376459516911879e-02 4.109476240041052364e+01 0.000000000000000000e+00 0.000000000000000000e+00 0.000000000000000000e+00 0.000000000000000000e+00 0.000000000000000000e+00 3.024601936340332031e-02
3.149999999999996803e+00 4.487047247980094355e-01 1.001282546505757355e-02 4.300917116041915733e+00 9.407778117190572775e-01 1.240698016444849103e-02 4.045572046773245489e+01 0.000000000000000000e+00 0.000000000000000000e+00 0.000000000000000000e+00 0.000000000000000000e+00 0.000000000000000000e+00 3.381514549255371094e-02
3.199999999999996625e+00 4.488592659493033654e-01 1.275088322176669633e-02 4.242630860695934203e+00 1.390777811719057233e+00 -3.188455774450846270e-02 3.984932071642909079e+01 0.000000000000000000e+00 0.000000000000000000e+00 0.000000000000000000e+00 0.000000000000000000e+00 0.000000000000000000e+00 2.444028854370117188e-02
3.249999999999996447e+00 4.494526733717202349e-01 1.479023117159440973e-02 4.204330741255882131e+00 1.169189724158621768e+00 1.082847862067484457e-01 3.927192644508153307e+01 0.000000000000000000e+00 0.000000000000000000e+00 0.000000000000000000e+00 0.000000000000000000e+00 0.000000000000000000e+00 3.661108016967773438e-02
3.299999999999996270e+00 4.471643184377789848e-01 1.386910006448790686e-02 4.186687798902894997e+00 1.089685701833110310e+00 7.944042658579374139e-02 3.041123769516182662e+01 0.000000000000000000e+00 0.000000000000000000e+00 0.000000000000000000e+00 0.000000000000000000e+00 0.000000000000000000e+00 3.395318984985351562e-02
3.349999999999996092e+00 4.452534080173785602e-01 1.165515177373013279e-02 4.180300528208190869e+00 1.034135784892992627e+00 5.537984189457327566e-02 3.049400055734261983e+01 0.000000000000000000e+00 0.000000000000000000e+00 0.000000000000000000e+00 0.000000000000000000e+00 0.000000000000000000e+00 3.624796867370605469e-02
3.399999999999995914e+00 4.425807863033447975e-01 8.790203134489957271e-03 4.170316565194095659e+00 1.353642934986782898e+00 9.960204236955583906e-03 3.060061319046196715e+01 0.000000000000000000e+00 0.000000000000000000e+00 0.000000000000000000e+00 0.000000000000000000e+00 0.000000000000000000e+00 3.566193580627441406e-02
3.449999999999995737e+00 4.407113106860706675e-01 6.552124764779726843e-03 4.166283691085565621e+00 1.360769901770399137e+00 2.693960325853246227e-02 3.071140526508709101e+01 0.000000000000000000e+00 0.000000000000000000e+00 0.000000000000000000e+00 0.000000000000000000e+00 0.000000000000000000e+00 3.617262840270996094e-02
3.499999999999995559e+00 4.389622298398735967e-01 5.043601993016421682e-03 4.152364793082865546e+00 1.368886549183299994e+00 -6.707690783920368383e-02 3.083580719153662386e+01 0.000000000000000000e+00 0.000000000000000000e+00 0.000000000000000000e+00 0.000000000000000000e+00 0.000000000000000000e+00 4.011249542236328125e-02
3.549999999999995381e+00 4.363540898529400525e-01 3.203287672781686673e-03 4.147789756344046452e+00 1.055319581960045605e+00 -7.205401995280985572e-02 3.095458700034789601e+01 0.000000000000000000e+00 0.000000000000000000e+00 0.000000000000000000e+00 0.000000000000000000e+00 0.000000000000000000e+00 2.856564521789550781e-02
3.599999999999995204e+00 4.384682790889687376e-01 5.821774337569941664e-03 4.145174712050165411e+00 1.505319581960045561e+00 2.900132334013471105e-02 3.104976383557314179e+01 0.000000000000000000e+00 0.000000000000000000e+00 0.000000000000000000e+00 0.000000000000000000e+00 0.000000000000000000e+00 3.411412239074707031e-02
3.649999999999995026e+00 4.398590972612658190e-01 7.703247302471565028e-03 4.137058361574835530e+00 1.096953557148206970e+00 3.888144279885911991e-02 3.114656502605778954e+01 0.000000000000000000e+00 0.000000000000000000e+00 0.000000000000000000e+00 0.000000000000000000e+00 0.000000000000000000e+00 2.615189552307128906e-02
3.699999999999994849e+00 4.395616570598183115e-01 7.580321899208256574e-03 4.129285509347361938e+00 1.169328532823562528e+00 3.596914067771787155e-02 3.127178329149781533e+01 0.000000000000000000e+00 0.000000000000000000e+00 0.000000000000000000e+00 0.000000000000000000e+00 0.000000000000000000e+00 3.294777870178222656e-02
3.749999999999994671e+00 4.382078517859209210e-01 6.116503943607938878e-03 4.123279369665581839e+00 1.293018882089974841e+00 9.605195672546284688e-03 3.141126543561750850e+01 0.000000000000000000e+00 0.000000000000000000e+00 0.000000000000000000e+00 0.000000000000000000e+00 0.000000000000000000e+00 3.118729591369628906e-02
3.799999999999994493e+00 4.347011139500980281e-01 3.447078859062677886e-03 4.113679405460306526e+00 1.453950607941186801e+00 -7.258570860780935718e-02 3.155771487739537307e+01 0.000000000000000000e+00 0.000000000000000000e+00 0.000000000000000000e+00 0.000000000000000000e+00 0.000000000000000000e+00 2.854800224304199219e-02
3.849999999999994316e+00 4.352871370172908816e-01 3.999476832255536261e-03 4.115041692188803779e+00 1.903950607941186757e+00 -7.160060831762871114e-02 3.168303398161765472e+01 0.000000000000000000e+00 0.000000000000000000e+00 0.000000000000000000e+00 0.000000000000000000e+00 0.000000000000000000e+00 3.459596633911132812e-02
3.899999999999994138e+00 4.371932484778544015e-01 7.124310093711817837e-03 4.095888272124954099e+00 1.453950607941186801e+00 3.186600672572464238e-02 3.178032331928141829e+01 0.000000000000000000e+00 0.000000000000000000e+00 0.000000000000000000e+00 0.000000000000000000e+00 0.000000000000000000e+00 3.282332420349121094e-02
3.949999999999993960e+00 4.373233486408784620e-01 9.272410809775828017e-03 4.050461613330524457e+00 1.093179402170014303e+00 4.272181089031613227e-02 3.188878030194976887e+01 0.000000000000000000e+00 0.000000000000000000e+00 0.000000000000000000e+00 0.000000000000000000e+00 0.000000000000000000e+00 3.805541992187500000e-02
3.999999999999993783e+00 4.338197764281570001e-01 7.638420850979748405e-03 4.018679500949406957e+00 1.133330079380902244e+00 -3.846854214919428333e-02 3.203823563466862367e+01 0.000000000000000000e+00 0.000000000000000000e+00 0.000000000000000000e+00 0.000000000000000000e+00 0.000000000000000000e+00 3.032422065734863281e-02
4.049999999999993605e+00 4.332280923683933804e-01 7.664921600739482352e-03 4.000110765861053963e+00 1.140681926316945205e+00 -4.157954969844982612e-02 3.218960870125462037e+01 0.000000000000000000e+00 0.000000000000000000e+00 0.000000000000000000e+00 0.000000000000000000e+00 0.000000000000000000e+00 2.844285964965820312e-02
4.099999999999993427e+00 4.346691275518247410e-01 9.576399590805603421e-03 3.989464913238334631e+00 1.590681926316945161e+00 2.599781486539447239e-02 3.232692504301153491e+01 0.000000000000000000e+00 0.000000000000000000e+00 0.000000000000000000e+00 0.000000000000000000e+00 0.000000000000000000e+00 2.768278121948242188e-02
4.149999999999993250e+00 4.353440221246263064e-01 1.059502060192642550e-02 3.977336121141719971e+00 1.140681926316945205e+00 -7.954574819174178857e-03 3.247152676852592634e+01 0.000000000000000000e+00 0.000000000000000000e+00 0.000000000000000000e+00 0.000000000000000000e+00 0.000000000000000000e+00 3.460240364074707031e-02
4.199999999999993072e+00 4.355030571747246504e-01 1.140474884995137939e-02 3.956882603492859474e+00 1.447699368955236210e+00 2.780148731626221059e-02 4.187444046702623268e+01 0.000000000000000000e+00 0.000000000000000000e+00 0.000000000000000000e+00 0.000000000000000000e+00 0.000000000000000000e+00 2.707314491271972656e-02
4.249999999999992895e+00 4.325435660650356340e-01 9.614704560012329870e-03 3.941353395417353411e+00 1.107836236089383419e+00 -4.608118796682963980e-03 4.269221325847635029e+01 0.000000000000000000e+00 0.000000000000000000e+00 0.000000000000000000e+00 0.000000000000000000e+00 0.000000000000000000e+00 2.277588844299316406e-02
4.299999999999992717e+00 4.320475330535238356e-01 9.693881634107509235e-03 3.922593623664843321e+00 1.440386950101516295e+00 2.246211004023482283e-02 4.354006871923663624e+01 0.000000000000000000e+00 0.000000000000000000e+00 0.000000000000000000e+00 0.000000000000000000e+00 0.000000000000000000e+00 2.656340599060058594e-02
4.349999999999992539e+00 4.313789060538036346e-01 9.290107226728971240e-03 3.909479573539705655e+00 1.266911369293915790e+00 -7.799558512291815404e-02 4.440718346088732460e+01 0.000000000000000000e+00 0.000000000000000000e+00 0.000000000000000000e+00 0.000000000000000000e+00 0.000000000000000000e+00 2.787089347839355469e-02
4.399999999999992362e+00 4.323528438153956821e-01 1.036794511021943074e-02 3.903236708884110229e+00 8.974454621967645762e-01 -2.901848314221828762e-01 4.525472793393375781e+01 0.000000000000000000e+00 0.000000000000000000e+00 0.000000000000000000e+00 0.000000000000000000e+00 0.000000000000000000e+00 3.522086143493652344e-02
4.449999999999992184e+00 4.385832904143954214e-01 1.490654283739833302e-02 3.941048969998362850e+00 1.347445462196764643e+00 -5.468483142218287518e-02 4.598447203648311188e+01 0.000000000000000000e+00 0.000000000000000000e+00 0.000000000000000000e+00 0.000000000000000000e+00 0.000000000000000000e+00 4.126119613647460938e-02
4.499999999999992006e+00 4.425245901211554145e-01 1.944087126345438871e-02 3.945726833804020117e+00 1.577327049329752873e+00 1.808151685778170981e-01 4.658803394731053515e+01 0.000000000000000000e+00 0.000000000000000000e+00 9.041297650455570079e+01 0.000000000000000000e+00 0.000000000000000000e+00 1.987171173095703125e-02
